1671554345936878,1671719628161672,1673866074871359,1674214750411548,1675856602677905,16763936233395201656068208985525
1659013899358589
1661176863136699
1661186557984387
1661342140340864
1661419694290008
1662017541084159
1662367809971831
1663251202975863
1663343492046966
1663854970596215
1664271249572373
1664283166690757
1664787407196853
1664967473583305
1665153227278208
1665398990301436
1665412499541937
1665754028741722
1666171547237455
1666352157295310
1666601682957657
1666628625550190
1666789141901893
1666790263064627
1666950538549931
1666950756091863
1666951692545673
1666952695095799
1666953371733877
1666955943275345
1666956665407934
1666957272302245
1666963359802107
1666963447382559
1666963631652684
1667291272044733
1667295310047616
1667298274750357
1667299271189029
1667300620925665
1667302242236943
1667302461726434
1667305371271888
1667313025261230
1667315526068949
1667316261772778
1667318388276931
1667318712772019
1667319523431563
1667380893783892
1667388453932932
1667392920957019
1667399992984102
1667402128713252
1667402498323427
1667405283097395
1667405478241576
1667564410542325
1667570669416194
1667821339430614
1668444672044147
1668526358429269
1668611094394967
1668688640335082
1668765286963797
1668792502803474
1669024754304764
1669626834952386
1669737313205186
1669813677249860
1670313568357382
1670322960371875
1670399951124166
1670404795076844
1670419936964831
1670425138366543
1670426679518393
1670430204356675
1670430821601016
1670491699295554
1670503061511382
1670506459704451
1670509261936634
1670509510567420
1670510965517761
1670515223661277
1670591754613284
1670848874284986
1670864301047490
1670921405191499
1670934675182882
1670964025687801
1671013303327513
1671020317905713
1671029333190945
1671033337427493
1671097966758288
1671106878754911
1671122826180646
1671201607449444
1671445764074897
1671452619557134
1671458339718641
1671460736492689
1671466777263038
1671529238003747
1671547130828441
1671548962967976
1671634403330915
1671640000988724
1671712512465242
1671727982350963
1672223408295981
1672302621141626
1672307924989142
1672316469505775
1672324211686992
1672324452233314
1672329329343493
1672397271626991
1672742557479096
1672816614135865
1672834834903749
1672840731034249
1672842414584250
1672845667939592
1672859173954839
1672912560461841
1672914274695235
1672914521171147
1672914571148920
1672919514512751
1672919751665866
1672921201359074
1672928962208903
1672932766448541
1672933888598148
1672936038288049
1672937245711286
1673014535840347
1673020569804802
1673027365009395
1673260264536628
1673273611452555
1673277948383417
1673280532485408
1673345992460165
1673346122692966
1673444573054289
1673447460236331
1673450444116231
1673453563782932
1673520495923014
1673540529772336
1673605266322239
1673609049407168
1673782119629837
1673869722884220
1673870252980867
1673880543509789
1673948668241858
1673951961268917
1673961742885871
1674037330070470
1674040816829864
1674055390692595
1674059762862000
1674071341226946
1674125006450280
1674130469334922
1674132603478060
1674135399354718
1674137740781219
1674145095296725
1674145489208005
1674204271780653
1674464247084453
1674467132164926
1674475448193976
1674553603012288
1674557771199686
1674579123732089
1674642246584496
1674820023845302
1675071456737751
1675072029097095
1675088839690564
1675096815980834
1675155729519367
1675162372576744
1675164215629961
1675164523164198
1675182555597796
1675244634098459
1675249312764322
1675255689549840
1675257652169309
1675262290539707
1675337883563650
1675340412974877
1675351591690192
1675353269043829
1675417041162874
1675433625736843
1675437154878934
1675858219051425
1675945673420939
1675949682447412
1676460821325021
1676544685645614
1676891028538232
1677065938320713
1677672269336109
1677672404606804
1677672622753602
1677672727114460
1677672818681435
1677672984357000
1677673173515994
1677673299461503
1677673601534708
1677674320321187
1677674398199135
1677674566198844
1677674971807245
1677675027583946
1677675577302929
1677675605584779
1677675628228495
1677675800378340
1677675887534427
1677676160327604
1677676239361899
1677676266129318
1677676475218704
1677676544973743
1677677532520702
1677677542818278
1677677621872204
1677677848297177
1677678414925621
1677678807230043
1677679506343871
1677679640863503
1677679704902718
1677679968648353
1677680066953273
1677680319755921
1677680353522344
1677680366537503
1677680701796186
1677681097218231
1677681245037905
1677681412693712
1677681535938457
1677681588710837
1677681734495143
1677681981292615
1677682189894046
1677682219322760
1677682310582296
1677682517629304
1677682692544278
1677682847103780
1677682986352578
1677683098344842
1677683426750231
1677683517622794
1677683572921693
1677683626804085
1677683926475651
1677684061058740
1677684185119048
1677684279675657
1677684427148656
1677684434314192
1677684511640568
1677684684788095
1677684715057627
1677684748468072
1677684893175381
1677684968586025
1677685081987644
1677685278637887
1677685416395802
1677685478232182
1677685618774713
1677685640670525
1677685747484507
1677685850238807
1677685856700941
1677686020548505
1677686426469652
1677686454887635
1677686518988858
1677686575755406
1677686884422573
1677687001068752
1677687037684390
1677687053877555
1677687325201519
1677687394665727
1677687438870580
1677687471206262
1677687535468221
1677687589375223
1677687616169458
1677687712364110
1677688492271897
1677688633904661
1677688778731127
1677688966694616
1677689107981557
1677689268121902
1677689417012416
1677689878921881
1677689887164929
1677690316838026
1677690349174654
1677690976861961
1677690992688711
1677691009536307
1677691097243675
1677691102056534
1677691159223136
1677691610232619
1677691714567837
1677692331306609
1677692822793547
1677744387813267
1677745484851506
1677746732810716
1677747870311434
1677747939046641
1677748093687436
1677748258260714
1677748423385289
1677748497409791
1677748794366769
1677748935042865
1677749161052297
1677749273735565
1677749281916066
1677749435341690
1677749469981957
1677749560785448
1677749563709106
1677749771442037
1677749861358119
1677749968509275
1677750126028588
1677750138942537
1677750308313139
1677750744366188
1677751135354916
1677751583520133
1677751790062101
1677751793727908
1677752209348842
1677752336158908
1677752399942461
1677752843987526
1677752947534349
1677753252416155
1677753262154069
1677753416499410
1677753592948115
1677753725294940
1677753754170359
1677754041579642
1677754176173849
1677754719744494
1677754945874925
1677755092904944
1677755170863822
1677755179599013
1677755209227072
1677755412817909
1677755725781073
1677755756144563
1677756144314587
1677756408188271
1677756431754875
1677756705270293
1677756741734807
1677756910564100
1677757061954108
1677757161738997
1677757251428517
1677757339290814
1677757377217745
1677757757998096
1677757851887724
1677758200463449
1677758297637772
1677758551922449
1677758841166005
1677759060659621
1677759079714847
1677759132912461
1677759145140217
1677759273382631
1677759467531019
1677760060904843
1677760092827855
1677760689598158
1677760797974507
1677760874906984
1677761020451289
1677761399180741
1677761412314160
1677761504283562
1677762100502751
1677762440896962
1677762544018067
1677763125927692
1677763209262594
1677763313581038
1677763354013800
1677763506364556
1677763907592961
1677764267013630
1677764791031454
1677764938961340
1677765113752826
1677765357292893
1677765391633029
1677765555347614
1677765834822163
1677765933165316
1677766101534267
1677766297490563
1677766386618769
1677766445639392
1677766466487374
1677766861990782
1677766892464211
1677767002268377
1677767069674251
1677767135647042
1677767297608287
1677767315174817
1677767394110005
1677767454394234
1677767519006096
1677767582376319
1677767820527129
1677767966119152
1677768136143874
1677768160004653
1677768228983013
1677768618764247
1677768627120563
1677768791187232
1677768992019119
1677769102617818
1677769386024079
1677769394392286
1677769479190001
1677769537335796
1677769541888913
1677769596770974
1677769614244036
1677769867152084
1677769951725092
1677770277806426
1677770483183677
1677770756255491
1677770759208042
1677770931187692
1677771201163371
1677771351831256
1677771449287404
1677771450870775
1677771477452920
1677771524515794
1677771573703754
1677771681801326
1677771795074380
1677771915359851
1677772384218974
1677772427735323
1677772451396869
1677772632720151
1677772658194398
1677772673268953
1677772774158418
1677772806979062
1677772878026081
1677773138303070
1677773337899126
1677773404207369
1677773508208891
1677773653527772
1677773739911354
1677773986769992
1677774068425578
1677774272973892
1677774356757195
1677774534348982
1677774702188020
1677774877494641
1677774910634195
1677774963792452
1677775408045695
1677775474699797
1677776064362812
1677776185655375
1677776219325565
1677776227158875
1677777067027824
1677777423032567
1677778470649774
1677778497960873
1677779243573994
1677783968494949
1677788234753614
1677797411519854
1677798652795328
1677826784230631
1677827238865667
1677827647699046
1677829258664954
1677831351513591
1677831575075666
1677832730530744
1677833939613976
1677834003883354
1677834545494835
1677834648260729
1677835619165599
1677835823904569
1677836107252816
1677836263726520
1677836333157060
1677836604127842
1677836892826022
1677837195095885
1677837197878023
1677837494180172
1677837588288253
1677837637573192
1677837691648005
1677837942453148
1677838017104145
1677838082168330
1677838261584166
1677838401076032
1677838514193146
1677839243127181
1677839285249091
1677839637392425
1677839671481597
1677839779727198
1677839898689006
1677839927538125
1677839948678181
1677839960288166
1677840100685345
1677840132906974
1677840140626317
1677840513418664
1677840950654177
1677840974154881
1677840980675697
1677840985341279
1677841050896924
1677841217474078
1677841400991649
1677841457392717
1677841593911495
1677841838532551
1677842015389070
1677842101045818
1677842114592939
1677842236501263
1677842257026190
1677842295402361
1677842537678604
1677842543385525
1677842782069988
1677842933120441
1677842982065422
1677843020769090
1677843513346778
1677843546363246
1677843571430704
1677843686574149
1677843741572898
1677843905003565
1677843934955074
1677843980325594
1677844193537843
1677844419059200
1677844493357983
1677844521001769
1677844663963412
