1685435748988936
1685970104406875
1686060862223487
1687280085128771
1688378746596144
1688380026775877
1688488315220545
1689259712140514
1690274939973610
1690559163619438
1691162108803230
1691413216672219
1692803917013292
1692804343157497
1692804669367738
1692812314851923
1692962319187342
1692962938597483
1693989007975349
1694620406766406
1694703927428472
1694705907227964
1694787059779844
1695033830459854
1695202382036176
1695202919501403
1695294250167696
1695625899161022
1695630539882912
1695720402252341
1695811868027002
1695908905657104
1695913062188364
1695942403185821
1695997855338096
1696344307376862
1696349153267925
1696507509156239
1696940621316748
1697032217539195
1697117378873770
1697726559931197
1697732645403290
1697793724866203
1697794369419233
1698067554273932
1698069442561817
1698069730645843
1698070649785597
1698071956583195
1698077161383578
1698145959633023
1698157289565940
1698162092143711
1698250160165516
1698311555577994
1698413095756466
1698420276761827
1698568378468210
1698674613793766
1698683217339330
1698750986547995
1698759982682391
1699282354159236
1699364482982034
1699370617248142
1699457043007265
1699884795614735
1699888550111530
1700060062845404
1700131133423230
1700149460297019
1700209933582395
1700217268913010
1700229157392420
1700490538135801
1700496969995910
1700668823806075
1701266989792103
1701430143786092
1701686835425550
1701699866575391
1701776731799156
1701777189814760
1701861260871087
1703241415466737
1705415901139366
