1667490460811537
1667494310495780
1667494486343830
1667560346892966
1667560995431355
1667566464240565
1667568448669430
1667573414711448
1667574304882323
1667578579837664
1667646098245030
1667812093645323
1667812362009029
1667816892317216
1667818414899424
1667828093513907
1667903258614004
1667903593475459
1667907046912703
1667908405462074
1667909310628007
1667916687119130
1667917713709688
1667922325535513
1667923957871853
1667928013302991
1667984464303194
1667991291813121
1667994945575229
1667996979346302
1667998480004412
1668001548894988
1668006989197551
1668007213120831
1668009817862925
1668072050018811
1668075188849924
1668076111537552
1668077001188423
1668082993069235
1668083563952032
1668085205060421
1668165003812023
1668178388106515
1668182682006546
1668418748624827
1668420099579980
1668427040203214
1668428077219180
1668430539661322
1668435152532585
1668603060612498
1668609801601344
1668615841772789
1668678346338423
1668685441548384
1668779240244665
1668783010443556
1668785816124389
1669025830755721
1669042515876441
1669043493940621
1669049595215176
1669132504772279
1669135124723200
1669138744903889
1669193388305610
1669204703574812
1669206343429216
1669211248485826
1669212017544165
1669220340585995
1669222644321713
1669294041929257
1669304895854921
1669628754728317
1669733086879497
1669906424867511
1669992478775578
1669992527939134
1670231268492442
1670242271348935
1670251723184715
1670329594981581
1670429379709643
1670430257721130
1670513014567365
1670599040046854
1670944778765186
1671023015175613
1671108134642328
1671116580220028
1671123189389246
1671185835357638
1671195046105007
1671205453133812
1671207982172386
1671441743940795
1671442370935033
1671445015221842
1671469902700098
1671471040344409
1671533986436380
1671536740086946
1671536778107747
1671540939614658
1671545299309823
1671610577775093
1671636325657085
1671703120317842
1671714598122598
1672314594794711
1672325611792827
1672412004108025
1672414434638373
1672749781247132
1672758705016499
1672761493333548
1672776487398323
1672786643559858
1672825473384118
1672827475184595
1672828760164383
1672835024892501
1672844590079683
1672847894923761
1672857984291490
1672911340893844
1672924519201665
1672928451636028
1672928678562049
1672930447366553
1672931369375499
1672931711645953
1672932516928388
1672941906008131
1672994479470543
1673005071613056
1673011893602632
1673015225369091
1673017100709938
1673086216817562
1673254858063230
1673258086176722
1673262382045565
1673263154204794
1673268025252989
1673269728624383
1673274911186513
1673286031620593
1673359547848766
1673366560731787
1673436385656590
1673451621436426
1673451890265746
1673512793970540
1673516954133160
1673519441518050
1673520431791145
1673534154531927
1673606816574402
1673606850272764
1673876139097130
1673882442865312
1673884918138711
1674035163451015
1674045329765802
1674045952187746
1674051009957305
1674055533443724
1674059861389707
1674122485657279
1674126256925559
1674127209702087
1674129042627919
1674131276433659
1674132207458112
1674132825492402
1674138538775314
1674142135863861
1674144560753294
1674207032579199
1674228225671221
1674236795546798
1674467438917167
1674488426711297
1674493232234195
1674546261323104
1674555137470874
1674560131648053
1674565066798583
1674578337847394
1674637899741468
1674646441602995
1674659322999802
1674744806567554
1674747047804629
1674749912657074
1674758467572489
1674819554905857
1674829754433592
1674853846515075
1675082988001897
1675094529726866
1675097610839274
1675158053419774
1675160015713559
1675163952819959
1675174093159403
1675175657248144
1675182558759070
1675183852725064
1675194008545363
1675242849826243
1675246010590785
1675248007673251
1675261725208433
1675265344427852
1675267974807544
1675324460844646
1675325886322471
1675326329051354
1675329123463114
1675331553678807
1675332016245028
1675332214714379
1675332894989358
1675333046401821
1675333998900291
1675336518899612
1675337411042763
1675337459948533
1675338114664598
1675339889998153
1675343129550097
1675344291840456
1675345783707020
1675346071397565
1675348549942568
1675353991253852
1675354018036759
1675355327462628
1675356726159534
1675357636407450
1675358004195768
1675359078085729
1675359428270708
1675359484161981
1675418632677171
1675418671018972
1675419279676773
1675419650237625
1675421974711467
1675422082167162
1675422824482739
1675422973533290
1675433679640602
1675434824269479
1675435278241856
1675435953050648
1675437565292568
1675441577034182
1675446230660521
1675677845666079
1675680481910538
1675681081185547
1675681834692955
1675683984997879
1675685359256104
1675686028212593
1675686125225167
1675688378852465
1675691468172281
1675693235929316
1675694090154487
1675698276218958
1675698304050340
1675701658855189
1675762461545417
1675763839723918
1675764676849196
1675767587933454
1675779477179445
1675783085379967
1675785036557831
1675786748468127
1675787268555822
1675800446322682
1675802865643796
1675845145859500
1675859661586561
1675860530170140
1675866312761162
1675867104634682
1675867536117934
1675932515700975
1675936840464199
1675938492098523
1675946817975549
1675948649011840
1675950189700881
1675951416407993
1675954603908419
1676027023068699
1676028980353322
1676300491760331
1676310792916912
1676368171472196
1676374109053769
1676375354060987
1676379857663040
1676379969297240
1676390959319514
1676396219429167
1676448897737484
1676454556132959
1676455554503257
1676462473672726
1676469682038151
1676473930838982
1676474078401369
1676478040257551
1676541087366872
1676542162830600
1676542938675776
1676542979547389
1676543055763809
1676543575631155
1676544307576205
1676544402464554
1676548374410172
1676550300412306
1676555911482655
1676556957672134
1676558407717188
1676560089047041
1676561071060026
1676564305245959
1676564537244267
1676624761598117
1676625581133183
1676627343661089
1676627571074757
1676629645544278
1676629800588540
1676633686621094
1676635019839541
1676636832615530
1676636928574690
1676640346809324
1676646279610951
1676646529829476
1676647143720422
1676647861906294
1676648217299236
1676651250809820
1676652579432765
1676655023471826
1676723132927417
1676887411913123
1676890027949754
1676892218487875
1676893549579836
1676897678819632
1676899723901159
1676900429119367
1676901012444428
1676901928189810
1676902303404576
1676902377992571
1676905252028445
1676908800107570
1676909141440712
1676909598690157
1676975498405749
1676975724787373
1676975934318027
1676978019210309
1676978967987536
1676979104746520
1676979951770433
1676981178281905
1676981204057162
1676988881964396
1676993453816982
1676997357418670
1677058450289473
1677070211837748
1677075612398315
1677075966253637
1677076966642126
1677078984990990
1677080440982090
1677142052448172
1677146498053983
1677148666378358
1677149809153328
1677152123203431
1677156771696176
1677157026485571
1677158696472428
1677159655232266
1677159668063252
1677162909746719
1677163551982008
1677164612726640
1677169036526435
1677227327201868
1677228736739662
1677229914669176
1677232354915539
1677234370332624
1677234395445385
1677234825905230
1677239929741720
1677241979196359
1677241986606218
1677245844430042
1677247245394959
1677250315170408
1677255696273986
1677261448432789
1677338756084426
1677490557287698
1677495711195463
1677498161005398
1677498294182080
1677501909334655
1677502423980700
1677502518179143
1677503216143407
1677508187577947
1677509017533282
1677510782984361
1677510828330231
1677513100170283
1677513361729819
1677513377039120
1677515250350458
1677518079293339
1677520605426805
1677522230600309
1677575920347573
1677578612867627
1677580233538025
1677580427313409
1677584005711935
1677585080952153
1677587597513528
1677593267032450
1677594232816498
1677594360981114
1677594797375351
1677595202628805
1677595389252452
1677596479401223
1677597333284326
1677598154137163
1677598171976205
1677658179420281
1677667233569470
1677667361327956
1677669184281642
1677670421825936
1677671847284419
1677672234337364
1677672318078652
1677672355234929
1677673320697414
1677673492466457
1677673534395417
1677673540004045
1677674283799288
1677674403720826
1677674464513557
1677674607891316
1677675290585339
1677675398326677
1677675977404358
1677676152899297
1677676359053979
1677676487083625
1677676784727379
1677676853349196
1677677498392740
1677677737104468
1677678013387405
1677678358064981
1677678461449525
1677678588078256
1677678839068833
1677679286681573
1677679938444784
1677680155247199
1677680299945757
1677680568362148
1677680654935401
1677680971777767
1677681428281783
1677681533281645
1677681601404483
1677682106594224
1677682381873970
1677682590785411
1677682643021327
1677682810633334
1677682877414024
1677683101671306
1677683341700568
1677683769855928
1677683864529428
1677683958532387
1677683995358812
1677684068936146
1677684073149552
1677684138044509
1677684447622839
1677684480398024
1677684881265228
1677685041540830
1677685041762566
1677685133609402
1677685178089080
1677685192434874
1677685259709184
1677685512753912
1677685587360635
1677685711859882
1677685737352813
1677685853218715
1677685857410516
1677686063510248
1677686114026475
1677686282716303
1677686373401146
1677686523561518
1677686754180889
1677687543573202
1677687657672931
1677688712230319
1677689307812933
1677689381695238
1677689437285455
1677689524216181
1677689811225408
1677689941231540
1677690041779990
1677691517709586
1677692176573172
1677692267901266
1677692347792321
1677694711666578
1677741225162352
1677741478526717
1677742899898628
1677748059099261
1677748273134746
1677748578111696
1677748821338971
1677749505942344
1677749771036052
1677750341204782
1677750368516183
1677750486042419
1677750977585728
1677751366350708
1677751437086869
1677751517983910
1677751519369472
1677751826983577
1677751977522422
1677752008118107
1677752268054638
1677752314993136
1677752437388560
1677752760393872
1677752987148505
1677753537904520
1677753606830853
1677753819255625
1677753840199123
1677754018162067
1677754089309605
1677754533501567
1677754580041061
1677754693478317
1677754806642312
1677754844103491
1677755240750959
1677755464710960
1677755523261682
1677755646762368
1677755787720357
1677755854226353
1677755962126289
1677756152041106
1677756172379957
1677756433950042
1677756544794446
1677756688380135
1677756770462262
1677756856158321
1677757129203738
1677757208765854
1677757279074848
1677757349913165
1677757360113885
1677757410185016
1677757652921235
1677757737349865
1677757819401386
1677757850125480
1677757922792150
1677757923787381
1677758107569397
1677758140034664
1677758582909514
1677758748675686
1677758849347425
1677758878844292
1677758979447391
1677759295767140
1677759332858449
1677759590429909
1677759613282970
1677759757270161
1677759914777611
1677759927909284
1677759978531052
1677760008688086
1677760421579748
1677760495566076
1677760779170884
1677760801412544
1677761050694790
1677761194049976
1677761820503180
1677762014790872
1677762381552806
1677762472680987
1677762875872827
1677762962015918
1677762980813112
1677763862017293
1677764212932777
1677764821495943
1677765368718621
1677765375172937
1677765876738053
1677766103315541
1677766151973555
1677766412054542
1677766900657343
1677767120319664
1677767347587622
1677767565428590
1677767879369514
1677768513057788
1677768713925420
1677768729673444
1677769356851345
1677769407362276
1677769492900766
1677769751223504
1677770331108272
1677770644631267
1677770798488167
1677771174018750
1677771419493891
1677771485095265
1677772040028866
1677772186274910
1677772630654147
1677772878813157
1677773155385554
1677773395311030
1677773746217340
1677773755030212
1677773858253687
1677774034825935
1677774137153755
1677774417829280
1677774549111110
1677774619064413
1677774639974971
1677774868774027
1677775293682289
1677775363531663
1677776554601604
1677776645379038
1677776906738864
1677777175087363
1677778412418262
1677778553414914
1677782807453819
1677828378982106
1677828829543960
1677832055973057
1677832161743311
1677832717242743
1677833120095579
1677834300717685
1677834387503214
1677836888120604
1677837189635522
1677837217358444
1677837658046680
1677837676834703
1677837692775617
1677838067301864
1677838209951113
1677838234751215
1677838371294052
1677838461797758
1677838675324027
1677838748314948
1677838808469210
1677838867506621
1677839407367128
1677839661907940
1677839825041768
1677840048937063
1677840263361387
1677840300144911
1677840346474025
1677840360366982
1677840490000626
1677840763803730
1677840864570097
1677840980423924
1677841309228903
1677841330232379
1677841490855902
1677841539204591
1677842460215390
1677842822517335
1677842872051086
1677843072014452
1677843373709339
1677843654591695
1677843683438447
1677843984353048
1677844045355659
1677844253305974
1677844303313309
1677844582477577
1677844665412533
1677844727087802
1677844734223804
1662112733757132
1662135218350388
1661943139573983
1670932441652386
